(kicad_pcb (version 20171130) (host pcbnew 5.0.0-fee4fd1~66~ubuntu16.04.1)

  (general
    (thickness 1.6)
    (drawings 5)
    (tracks 82)
    (zones 0)
    (modules 24)
    (nets 16)
  )

  (page A4)
  (layers
    (0 F.Cu signal)
    (31 B.Cu signal)
    (32 B.Adhes user)
    (33 F.Adhes user)
    (34 B.Paste user)
    (35 F.Paste user)
    (36 B.SilkS user)
    (37 F.SilkS user)
    (38 B.Mask user)
    (39 F.Mask user)
    (40 Dwgs.User user)
    (41 Cmts.User user)
    (42 Eco1.User user)
    (43 Eco2.User user)
    (44 Edge.Cuts user)
    (45 Margin user)
    (46 B.CrtYd user)
    (47 F.CrtYd user)
    (48 B.Fab user)
    (49 F.Fab user)
  )

  (setup
    (last_trace_width 0.5)
    (trace_clearance 0.5)
    (zone_clearance 0.508)
    (zone_45_only no)
    (trace_min 0.5)
    (segment_width 0.2)
    (edge_width 0.15)
    (via_size 0.8)
    (via_drill 0.4)
    (via_min_size 0.4)
    (via_min_drill 0.3)
    (uvia_size 0.3)
    (uvia_drill 0.1)
    (uvias_allowed no)
    (uvia_min_size 0.2)
    (uvia_min_drill 0.1)
    (pcb_text_width 0.3)
    (pcb_text_size 1.5 1.5)
    (mod_edge_width 0.15)
    (mod_text_size 1 1)
    (mod_text_width 0.15)
    (pad_size 3.2 3.2)
    (pad_drill 3.2)
    (pad_to_mask_clearance 0.2)
    (aux_axis_origin 0 0)
    (grid_origin 132.08 106.68)
    (visible_elements FFFFFF7F)
    (pcbplotparams
      (layerselection 0x010fc_ffffffff)
      (usegerberextensions true)
      (usegerberattributes false)
      (usegerberadvancedattributes false)
      (creategerberjobfile false)
      (excludeedgelayer true)
      (linewidth 0.100000)
      (plotframeref false)
      (viasonmask false)
      (mode 1)
      (useauxorigin false)
      (hpglpennumber 1)
      (hpglpenspeed 20)
      (hpglpendiameter 15.000000)
      (psnegative false)
      (psa4output false)
      (plotreference true)
      (plotvalue true)
      (plotinvisibletext false)
      (padsonsilk false)
      (subtractmaskfromsilk false)
      (outputformat 1)
      (mirror false)
      (drillshape 0)
      (scaleselection 1)
      (outputdirectory "../gerber/"))
  )

  (net 0 "")
  (net 1 "Net-(D1-Pad2)")
  (net 2 "Net-(D1-Pad1)")
  (net 3 "Net-(D2-Pad1)")
  (net 4 "Net-(D2-Pad2)")
  (net 5 "Net-(D3-Pad2)")
  (net 6 "Net-(D3-Pad1)")
  (net 7 "Net-(D4-Pad1)")
  (net 8 "Net-(D4-Pad2)")
  (net 9 +3V3)
  (net 10 "Net-(R1-Pad2)")
  (net 11 "Net-(R2-Pad2)")
  (net 12 GND)
  (net 13 "Net-(SW1-Pad2)")
  (net 14 "Net-(SW2-Pad2)")
  (net 15 "Net-(R7-Pad1)")

  (net_class Default "This is the default net class."
    (clearance 0.5)
    (trace_width 0.5)
    (via_dia 0.8)
    (via_drill 0.4)
    (uvia_dia 0.3)
    (uvia_drill 0.1)
    (diff_pair_gap 0.25)
    (diff_pair_width 0.5)
    (add_net +3V3)
    (add_net GND)
    (add_net "Net-(D1-Pad1)")
    (add_net "Net-(D1-Pad2)")
    (add_net "Net-(D2-Pad1)")
    (add_net "Net-(D2-Pad2)")
    (add_net "Net-(D3-Pad1)")
    (add_net "Net-(D3-Pad2)")
    (add_net "Net-(D4-Pad1)")
    (add_net "Net-(D4-Pad2)")
    (add_net "Net-(R1-Pad2)")
    (add_net "Net-(R2-Pad2)")
    (add_net "Net-(R7-Pad1)")
    (add_net "Net-(SW1-Pad2)")
    (add_net "Net-(SW2-Pad2)")
  )

  (module wemos_d1_mini:D1_mini_board (layer B.Cu) (tedit 5766F65E) (tstamp 5B97B66A)
    (at 176.53 64.77)
    (path /5B6B04A7)
    (fp_text reference U1 (at 1.27 -18.81) (layer B.SilkS)
      (effects (font (size 1 1) (thickness 0.15)) (justify mirror))
    )
    (fp_text value WeMos_mini (at 1.27 19.05) (layer B.Fab)
      (effects (font (size 1 1) (thickness 0.15)) (justify mirror))
    )
    (fp_text user WeMos (at 0 15.24) (layer B.SilkS)
      (effects (font (size 3 3) (thickness 0.15)) (justify mirror))
    )
    (fp_line (start -6.35 -3.81) (end -6.35 10.16) (layer F.SilkS) (width 0.15))
    (fp_line (start -6.35 10.16) (end 6.35 10.16) (layer F.SilkS) (width 0.15))
    (fp_line (start 6.35 10.16) (end 6.35 -3.81) (layer F.SilkS) (width 0.15))
    (fp_line (start 6.35 -3.81) (end -6.35 -3.81) (layer F.SilkS) (width 0.15))
    (fp_line (start -8.89 -5.08) (end 8.89 -5.08) (layer F.SilkS) (width 0.15))
    (fp_line (start 8.89 -5.08) (end 8.89 17.78) (layer F.SilkS) (width 0.15))
    (fp_line (start 8.89 17.78) (end -8.89 17.78) (layer F.SilkS) (width 0.15))
    (fp_line (start -8.89 17.78) (end -8.89 -5.08) (layer F.SilkS) (width 0.15))
    (fp_line (start 10.817472 -16.277228) (end 5.00618 -16.277228) (layer B.SilkS) (width 0.1))
    (fp_line (start 5.00618 -16.277228) (end 4.979849 -14.993795) (layer B.SilkS) (width 0.1))
    (fp_line (start 4.979849 -14.993795) (end -3.851373 -15.000483) (layer B.SilkS) (width 0.1))
    (fp_line (start -3.851373 -15.000483) (end -3.849397 -16.202736) (layer B.SilkS) (width 0.1))
    (fp_line (start -3.849397 -16.202736) (end -12.930193 -16.176658) (layer B.SilkS) (width 0.1))
    (fp_line (start -12.930193 -16.176658) (end -12.916195 14.993493) (layer B.SilkS) (width 0.1))
    (fp_line (start -12.916195 14.993493) (end -12.683384 15.596286) (layer B.SilkS) (width 0.1))
    (fp_line (start -12.683384 15.596286) (end -12.399901 16.141167) (layer B.SilkS) (width 0.1))
    (fp_line (start -12.399901 16.141167) (end -12.065253 16.627577) (layer B.SilkS) (width 0.1))
    (fp_line (start -12.065253 16.627577) (end -11.678953 17.054952) (layer B.SilkS) (width 0.1))
    (fp_line (start -11.678953 17.054952) (end -11.240512 17.422741) (layer B.SilkS) (width 0.1))
    (fp_line (start -11.240512 17.422741) (end -10.74944 17.730377) (layer B.SilkS) (width 0.1))
    (fp_line (start -10.74944 17.730377) (end -10.20525 17.97731) (layer B.SilkS) (width 0.1))
    (fp_line (start -10.20525 17.97731) (end -9.607453 18.162976) (layer B.SilkS) (width 0.1))
    (fp_line (start -9.607453 18.162976) (end 9.43046 18.191734) (layer B.SilkS) (width 0.1))
    (fp_line (start 9.43046 18.191734) (end 10.049824 17.957741) (layer B.SilkS) (width 0.1))
    (fp_line (start 10.049824 17.957741) (end 10.638018 17.673258) (layer B.SilkS) (width 0.1))
    (fp_line (start 10.638018 17.673258) (end 11.181445 17.323743) (layer B.SilkS) (width 0.1))
    (fp_line (start 11.181445 17.323743) (end 11.666503 16.894658) (layer B.SilkS) (width 0.1))
    (fp_line (start 11.666503 16.894658) (end 12.079595 16.37146) (layer B.SilkS) (width 0.1))
    (fp_line (start 12.079595 16.37146) (end 12.407122 15.739613) (layer B.SilkS) (width 0.1))
    (fp_line (start 12.407122 15.739613) (end 12.635482 14.984575) (layer B.SilkS) (width 0.1))
    (fp_line (start 12.635482 14.984575) (end 12.751078 14.091807) (layer B.SilkS) (width 0.1))
    (fp_line (start 12.751078 14.091807) (end 12.776026 -8.463285) (layer B.SilkS) (width 0.1))
    (fp_line (start 12.776026 -8.463285) (end 10.83248 -9.424181) (layer B.SilkS) (width 0.1))
    (fp_line (start 10.83248 -9.424181) (end 10.802686 -16.232524) (layer B.SilkS) (width 0.1))
    (fp_line (start -3.17965 -10.051451) (end 3.959931 -10.051451) (layer B.SilkS) (width 0.1))
    (fp_line (start 3.959931 -10.051451) (end 3.959931 -15.865188) (layer B.SilkS) (width 0.1))
    (fp_line (start 3.959931 -15.865188) (end -3.17965 -15.865188) (layer B.SilkS) (width 0.1))
    (fp_line (start -3.17965 -15.865188) (end -3.17965 -10.051451) (layer B.SilkS) (width 0.1))
    (fp_line (start 10.7436 -9.402349) (end 9.191378 -9.402349) (layer B.SilkS) (width 0.1))
    (fp_line (start 9.191378 -9.402349) (end 8.662211 -9.931515) (layer B.SilkS) (width 0.1))
    (fp_line (start 8.662211 -9.931515) (end 7.40985 -9.931515) (layer B.SilkS) (width 0.1))
    (fp_line (start 7.40985 -9.931515) (end 7.40985 -14.993876) (layer B.SilkS) (width 0.1))
    (fp_line (start 7.40985 -14.993876) (end 8.697489 -14.993876) (layer B.SilkS) (width 0.1))
    (fp_line (start 8.697489 -14.993876) (end 9.226656 -15.487765) (layer B.SilkS) (width 0.1))
    (fp_line (start 9.226656 -15.487765) (end 10.796517 -15.487765) (layer B.SilkS) (width 0.1))
    (fp_line (start 10.796517 -15.487765) (end 10.7436 -9.402349) (layer B.SilkS) (width 0.1))
    (fp_line (start 10.778878 -11.483738) (end 11.431517 -11.483738) (layer B.SilkS) (width 0.1))
    (fp_line (start 11.431517 -11.483738) (end 11.431517 -13.476932) (layer B.SilkS) (width 0.1))
    (fp_line (start 11.431517 -13.476932) (end 10.814156 -13.476932) (layer B.SilkS) (width 0.1))
    (pad 8 thru_hole circle (at -11.43 10.16) (size 1.8 1.8) (drill 1.016) (layers *.Cu *.Mask B.SilkS)
      (net 15 "Net-(R7-Pad1)"))
    (pad 7 thru_hole circle (at -11.43 7.62) (size 1.8 1.8) (drill 1.016) (layers *.Cu *.Mask B.SilkS))
    (pad 6 thru_hole circle (at -11.43 5.08) (size 1.8 1.8) (drill 1.016) (layers *.Cu *.Mask B.SilkS)
      (net 11 "Net-(R2-Pad2)"))
    (pad 5 thru_hole circle (at -11.43 2.54) (size 1.8 1.8) (drill 1.016) (layers *.Cu *.Mask B.SilkS)
      (net 10 "Net-(R1-Pad2)"))
    (pad 4 thru_hole circle (at -11.43 0) (size 1.8 1.8) (drill 1.016) (layers *.Cu *.Mask B.SilkS)
      (net 14 "Net-(SW2-Pad2)"))
    (pad 3 thru_hole circle (at -11.43 -2.54) (size 1.8 1.8) (drill 1.016) (layers *.Cu *.Mask B.SilkS)
      (net 13 "Net-(SW1-Pad2)"))
    (pad 2 thru_hole circle (at -11.43 -5.08) (size 1.8 1.8) (drill 1.016) (layers *.Cu *.Mask B.SilkS)
      (net 12 GND))
    (pad 1 thru_hole circle (at -11.43 -7.62) (size 1.8 1.8) (drill 1.016) (layers *.Cu *.Mask B.SilkS))
    (pad 16 thru_hole circle (at 11.43 -7.62) (size 1.8 1.8) (drill 1.016) (layers *.Cu *.Mask B.SilkS)
      (net 9 +3V3))
    (pad 15 thru_hole circle (at 11.43 -5.08) (size 1.8 1.8) (drill 1.016) (layers *.Cu *.Mask B.SilkS))
    (pad 14 thru_hole circle (at 11.43 -2.54) (size 1.8 1.8) (drill 1.016) (layers *.Cu *.Mask B.SilkS)
      (net 1 "Net-(D1-Pad2)"))
    (pad 13 thru_hole circle (at 11.43 0) (size 1.8 1.8) (drill 1.016) (layers *.Cu *.Mask B.SilkS)
      (net 4 "Net-(D2-Pad2)"))
    (pad 12 thru_hole circle (at 11.43 2.54) (size 1.8 1.8) (drill 1.016) (layers *.Cu *.Mask B.SilkS)
      (net 5 "Net-(D3-Pad2)"))
    (pad 11 thru_hole circle (at 11.43 5.08) (size 1.8 1.8) (drill 1.016) (layers *.Cu *.Mask B.SilkS)
      (net 8 "Net-(D4-Pad2)"))
    (pad 10 thru_hole circle (at 11.43 7.62) (size 1.8 1.8) (drill 1.016) (layers *.Cu *.Mask B.SilkS))
    (pad 9 thru_hole circle (at 11.43 10.16) (size 1.8 1.8) (drill 1.016) (layers *.Cu *.Mask B.SilkS))
  )

  (module LED_THT:LED_D3.0mm (layer F.Cu) (tedit 587A3A7B) (tstamp 5B97B51D)
    (at 148.59 38.1)
    (descr "LED, diameter 3.0mm, 2 pins")
    (tags "LED diameter 3.0mm 2 pins")
    (path /5B6B1FFB)
    (fp_text reference D1 (at 1.27 -2.96) (layer F.SilkS)
      (effects (font (size 1 1) (thickness 0.15)))
    )
    (fp_text value LED (at 1.27 2.96) (layer F.Fab)
      (effects (font (size 1 1) (thickness 0.15)))
    )
    (fp_line (start 3.7 -2.25) (end -1.15 -2.25) (layer F.CrtYd) (width 0.05))
    (fp_line (start 3.7 2.25) (end 3.7 -2.25) (layer F.CrtYd) (width 0.05))
    (fp_line (start -1.15 2.25) (end 3.7 2.25) (layer F.CrtYd) (width 0.05))
    (fp_line (start -1.15 -2.25) (end -1.15 2.25) (layer F.CrtYd) (width 0.05))
    (fp_line (start -0.29 1.08) (end -0.29 1.236) (layer F.SilkS) (width 0.12))
    (fp_line (start -0.29 -1.236) (end -0.29 -1.08) (layer F.SilkS) (width 0.12))
    (fp_line (start -0.23 -1.16619) (end -0.23 1.16619) (layer F.Fab) (width 0.1))
    (fp_circle (center 1.27 0) (end 2.77 0) (layer F.Fab) (width 0.1))
    (fp_arc (start 1.27 0) (end 0.229039 1.08) (angle -87.9) (layer F.SilkS) (width 0.12))
    (fp_arc (start 1.27 0) (end 0.229039 -1.08) (angle 87.9) (layer F.SilkS) (width 0.12))
    (fp_arc (start 1.27 0) (end -0.29 1.235516) (angle -108.8) (layer F.SilkS) (width 0.12))
    (fp_arc (start 1.27 0) (end -0.29 -1.235516) (angle 108.8) (layer F.SilkS) (width 0.12))
    (fp_arc (start 1.27 0) (end -0.23 -1.16619) (angle 284.3) (layer F.Fab) (width 0.1))
    (pad 2 thru_hole circle (at 2.54 0) (size 1.8 1.8) (drill 0.9) (layers *.Cu *.Mask)
      (net 1 "Net-(D1-Pad2)"))
    (pad 1 thru_hole rect (at 0 0) (size 1.8 1.8) (drill 0.9) (layers *.Cu *.Mask)
      (net 2 "Net-(D1-Pad1)"))
    (model ${KISYS3DMOD}/LED_THT.3dshapes/LED_D3.0mm.wrl
      (at (xyz 0 0 0))
      (scale (xyz 1 1 1))
      (rotate (xyz 0 0 0))
    )
  )

  (module LED_THT:LED_D3.0mm (layer F.Cu) (tedit 587A3A7B) (tstamp 5B97B530)
    (at 148.59 58.42)
    (descr "LED, diameter 3.0mm, 2 pins")
    (tags "LED diameter 3.0mm 2 pins")
    (path /5B6B1E35)
    (fp_text reference D2 (at 1.27 -2.96) (layer F.SilkS)
      (effects (font (size 1 1) (thickness 0.15)))
    )
    (fp_text value LED (at 1.27 2.96) (layer F.Fab)
      (effects (font (size 1 1) (thickness 0.15)))
    )
    (fp_arc (start 1.27 0) (end -0.23 -1.16619) (angle 284.3) (layer F.Fab) (width 0.1))
    (fp_arc (start 1.27 0) (end -0.29 -1.235516) (angle 108.8) (layer F.SilkS) (width 0.12))
    (fp_arc (start 1.27 0) (end -0.29 1.235516) (angle -108.8) (layer F.SilkS) (width 0.12))
    (fp_arc (start 1.27 0) (end 0.229039 -1.08) (angle 87.9) (layer F.SilkS) (width 0.12))
    (fp_arc (start 1.27 0) (end 0.229039 1.08) (angle -87.9) (layer F.SilkS) (width 0.12))
    (fp_circle (center 1.27 0) (end 2.77 0) (layer F.Fab) (width 0.1))
    (fp_line (start -0.23 -1.16619) (end -0.23 1.16619) (layer F.Fab) (width 0.1))
    (fp_line (start -0.29 -1.236) (end -0.29 -1.08) (layer F.SilkS) (width 0.12))
    (fp_line (start -0.29 1.08) (end -0.29 1.236) (layer F.SilkS) (width 0.12))
    (fp_line (start -1.15 -2.25) (end -1.15 2.25) (layer F.CrtYd) (width 0.05))
    (fp_line (start -1.15 2.25) (end 3.7 2.25) (layer F.CrtYd) (width 0.05))
    (fp_line (start 3.7 2.25) (end 3.7 -2.25) (layer F.CrtYd) (width 0.05))
    (fp_line (start 3.7 -2.25) (end -1.15 -2.25) (layer F.CrtYd) (width 0.05))
    (pad 1 thru_hole rect (at 0 0) (size 1.8 1.8) (drill 0.9) (layers *.Cu *.Mask)
      (net 3 "Net-(D2-Pad1)"))
    (pad 2 thru_hole circle (at 2.54 0) (size 1.8 1.8) (drill 0.9) (layers *.Cu *.Mask)
      (net 4 "Net-(D2-Pad2)"))
    (model ${KISYS3DMOD}/LED_THT.3dshapes/LED_D3.0mm.wrl
      (at (xyz 0 0 0))
      (scale (xyz 1 1 1))
      (rotate (xyz 0 0 0))
    )
  )

  (module LED_THT:LED_D3.0mm (layer F.Cu) (tedit 587A3A7B) (tstamp 5B97B543)
    (at 148.59 78.74)
    (descr "LED, diameter 3.0mm, 2 pins")
    (tags "LED diameter 3.0mm 2 pins")
    (path /5B6B1C79)
    (fp_text reference D3 (at 1.27 -2.96) (layer F.SilkS)
      (effects (font (size 1 1) (thickness 0.15)))
    )
    (fp_text value LED (at 1.27 2.96) (layer F.Fab)
      (effects (font (size 1 1) (thickness 0.15)))
    )
    (fp_line (start 3.7 -2.25) (end -1.15 -2.25) (layer F.CrtYd) (width 0.05))
    (fp_line (start 3.7 2.25) (end 3.7 -2.25) (layer F.CrtYd) (width 0.05))
    (fp_line (start -1.15 2.25) (end 3.7 2.25) (layer F.CrtYd) (width 0.05))
    (fp_line (start -1.15 -2.25) (end -1.15 2.25) (layer F.CrtYd) (width 0.05))
    (fp_line (start -0.29 1.08) (end -0.29 1.236) (layer F.SilkS) (width 0.12))
    (fp_line (start -0.29 -1.236) (end -0.29 -1.08) (layer F.SilkS) (width 0.12))
    (fp_line (start -0.23 -1.16619) (end -0.23 1.16619) (layer F.Fab) (width 0.1))
    (fp_circle (center 1.27 0) (end 2.77 0) (layer F.Fab) (width 0.1))
    (fp_arc (start 1.27 0) (end 0.229039 1.08) (angle -87.9) (layer F.SilkS) (width 0.12))
    (fp_arc (start 1.27 0) (end 0.229039 -1.08) (angle 87.9) (layer F.SilkS) (width 0.12))
    (fp_arc (start 1.27 0) (end -0.29 1.235516) (angle -108.8) (layer F.SilkS) (width 0.12))
    (fp_arc (start 1.27 0) (end -0.29 -1.235516) (angle 108.8) (layer F.SilkS) (width 0.12))
    (fp_arc (start 1.27 0) (end -0.23 -1.16619) (angle 284.3) (layer F.Fab) (width 0.1))
    (pad 2 thru_hole circle (at 2.54 0) (size 1.8 1.8) (drill 0.9) (layers *.Cu *.Mask)
      (net 5 "Net-(D3-Pad2)"))
    (pad 1 thru_hole rect (at 0 0) (size 1.8 1.8) (drill 0.9) (layers *.Cu *.Mask)
      (net 6 "Net-(D3-Pad1)"))
    (model ${KISYS3DMOD}/LED_THT.3dshapes/LED_D3.0mm.wrl
      (at (xyz 0 0 0))
      (scale (xyz 1 1 1))
      (rotate (xyz 0 0 0))
    )
  )

  (module LED_THT:LED_D3.0mm (layer F.Cu) (tedit 587A3A7B) (tstamp 5B97C08E)
    (at 148.59 99.06)
    (descr "LED, diameter 3.0mm, 2 pins")
    (tags "LED diameter 3.0mm 2 pins")
    (path /5B6B1A03)
    (fp_text reference D4 (at 1.27 -2.96) (layer F.SilkS)
      (effects (font (size 1 1) (thickness 0.15)))
    )
    (fp_text value LED (at 1.27 2.96) (layer F.Fab)
      (effects (font (size 1 1) (thickness 0.15)))
    )
    (fp_arc (start 1.27 0) (end -0.23 -1.16619) (angle 284.3) (layer F.Fab) (width 0.1))
    (fp_arc (start 1.27 0) (end -0.29 -1.235516) (angle 108.8) (layer F.SilkS) (width 0.12))
    (fp_arc (start 1.27 0) (end -0.29 1.235516) (angle -108.8) (layer F.SilkS) (width 0.12))
    (fp_arc (start 1.27 0) (end 0.229039 -1.08) (angle 87.9) (layer F.SilkS) (width 0.12))
    (fp_arc (start 1.27 0) (end 0.229039 1.08) (angle -87.9) (layer F.SilkS) (width 0.12))
    (fp_circle (center 1.27 0) (end 2.77 0) (layer F.Fab) (width 0.1))
    (fp_line (start -0.23 -1.16619) (end -0.23 1.16619) (layer F.Fab) (width 0.1))
    (fp_line (start -0.29 -1.236) (end -0.29 -1.08) (layer F.SilkS) (width 0.12))
    (fp_line (start -0.29 1.08) (end -0.29 1.236) (layer F.SilkS) (width 0.12))
    (fp_line (start -1.15 -2.25) (end -1.15 2.25) (layer F.CrtYd) (width 0.05))
    (fp_line (start -1.15 2.25) (end 3.7 2.25) (layer F.CrtYd) (width 0.05))
    (fp_line (start 3.7 2.25) (end 3.7 -2.25) (layer F.CrtYd) (width 0.05))
    (fp_line (start 3.7 -2.25) (end -1.15 -2.25) (layer F.CrtYd) (width 0.05))
    (pad 1 thru_hole rect (at 0 0) (size 1.8 1.8) (drill 0.9) (layers *.Cu *.Mask)
      (net 7 "Net-(D4-Pad1)"))
    (pad 2 thru_hole circle (at 2.54 0) (size 1.8 1.8) (drill 0.9) (layers *.Cu *.Mask)
      (net 8 "Net-(D4-Pad2)"))
    (model ${KISYS3DMOD}/LED_THT.3dshapes/LED_D3.0mm.wrl
      (at (xyz 0 0 0))
      (scale (xyz 1 1 1))
      (rotate (xyz 0 0 0))
    )
  )

  (module Resistor_SMD:R_0805_2012Metric_Pad1.15x1.40mm_HandSolder (layer F.Cu) (tedit 5B36C52B) (tstamp 5B97B567)
    (at 138.43 71.365 90)
    (descr "Resistor SMD 0805 (2012 Metric), square (rectangular) end terminal, IPC_7351 nominal with elongated pad for handsoldering. (Body size source: https://docs.google.com/spreadsheets/d/1BsfQQcO9C6DZCsRaXUlFlo91Tg2WpOkGARC1WS5S8t0/edit?usp=sharing), generated with kicad-footprint-generator")
    (tags "resistor handsolder")
    (path /5B6B0919)
    (attr smd)
    (fp_text reference R1 (at 0 -1.65 90) (layer F.SilkS)
      (effects (font (size 1 1) (thickness 0.15)))
    )
    (fp_text value 10k (at 0 1.65 90) (layer F.Fab)
      (effects (font (size 1 1) (thickness 0.15)))
    )
    (fp_line (start -1 0.6) (end -1 -0.6) (layer F.Fab) (width 0.1))
    (fp_line (start -1 -0.6) (end 1 -0.6) (layer F.Fab) (width 0.1))
    (fp_line (start 1 -0.6) (end 1 0.6) (layer F.Fab) (width 0.1))
    (fp_line (start 1 0.6) (end -1 0.6) (layer F.Fab) (width 0.1))
    (fp_line (start -0.261252 -0.71) (end 0.261252 -0.71) (layer F.SilkS) (width 0.12))
    (fp_line (start -0.261252 0.71) (end 0.261252 0.71) (layer F.SilkS) (width 0.12))
    (fp_line (start -1.85 0.95) (end -1.85 -0.95) (layer F.CrtYd) (width 0.05))
    (fp_line (start -1.85 -0.95) (end 1.85 -0.95) (layer F.CrtYd) (width 0.05))
    (fp_line (start 1.85 -0.95) (end 1.85 0.95) (layer F.CrtYd) (width 0.05))
    (fp_line (start 1.85 0.95) (end -1.85 0.95) (layer F.CrtYd) (width 0.05))
    (fp_text user %R (at 0 0 90) (layer F.Fab)
      (effects (font (size 0.5 0.5) (thickness 0.08)))
    )
    (pad 1 smd roundrect (at -1.025 0 90) (size 1.15 1.4) (layers F.Cu F.Paste F.Mask) (roundrect_rratio 0.217391)
      (net 9 +3V3))
    (pad 2 smd roundrect (at 1.025 0 90) (size 1.15 1.4) (layers F.Cu F.Paste F.Mask) (roundrect_rratio 0.217391)
      (net 10 "Net-(R1-Pad2)"))
    (model ${KISYS3DMOD}/Resistor_SMD.3dshapes/R_0805_2012Metric.wrl
      (at (xyz 0 0 0))
      (scale (xyz 1 1 1))
      (rotate (xyz 0 0 0))
    )
  )

  (module Resistor_SMD:R_0805_2012Metric_Pad1.15x1.40mm_HandSolder (layer F.Cu) (tedit 5B36C52B) (tstamp 5B97B578)
    (at 138.43 92.71 90)
    (descr "Resistor SMD 0805 (2012 Metric), square (rectangular) end terminal, IPC_7351 nominal with elongated pad for handsoldering. (Body size source: https://docs.google.com/spreadsheets/d/1BsfQQcO9C6DZCsRaXUlFlo91Tg2WpOkGARC1WS5S8t0/edit?usp=sharing), generated with kicad-footprint-generator")
    (tags "resistor handsolder")
    (path /5B6B098B)
    (attr smd)
    (fp_text reference R2 (at 0 -1.65 90) (layer F.SilkS)
      (effects (font (size 1 1) (thickness 0.15)))
    )
    (fp_text value 10k (at 0 1.65 90) (layer F.Fab)
      (effects (font (size 1 1) (thickness 0.15)))
    )
    (fp_text user %R (at 0 0 90) (layer F.Fab)
      (effects (font (size 0.5 0.5) (thickness 0.08)))
    )
    (fp_line (start 1.85 0.95) (end -1.85 0.95) (layer F.CrtYd) (width 0.05))
    (fp_line (start 1.85 -0.95) (end 1.85 0.95) (layer F.CrtYd) (width 0.05))
    (fp_line (start -1.85 -0.95) (end 1.85 -0.95) (layer F.CrtYd) (width 0.05))
    (fp_line (start -1.85 0.95) (end -1.85 -0.95) (layer F.CrtYd) (width 0.05))
    (fp_line (start -0.261252 0.71) (end 0.261252 0.71) (layer F.SilkS) (width 0.12))
    (fp_line (start -0.261252 -0.71) (end 0.261252 -0.71) (layer F.SilkS) (width 0.12))
    (fp_line (start 1 0.6) (end -1 0.6) (layer F.Fab) (width 0.1))
    (fp_line (start 1 -0.6) (end 1 0.6) (layer F.Fab) (width 0.1))
    (fp_line (start -1 -0.6) (end 1 -0.6) (layer F.Fab) (width 0.1))
    (fp_line (start -1 0.6) (end -1 -0.6) (layer F.Fab) (width 0.1))
    (pad 2 smd roundrect (at 1.025 0 90) (size 1.15 1.4) (layers F.Cu F.Paste F.Mask) (roundrect_rratio 0.217391)
      (net 11 "Net-(R2-Pad2)"))
    (pad 1 smd roundrect (at -1.025 0 90) (size 1.15 1.4) (layers F.Cu F.Paste F.Mask) (roundrect_rratio 0.217391)
      (net 9 +3V3))
    (model ${KISYS3DMOD}/Resistor_SMD.3dshapes/R_0805_2012Metric.wrl
      (at (xyz 0 0 0))
      (scale (xyz 1 1 1))
      (rotate (xyz 0 0 0))
    )
  )

  (module Resistor_SMD:R_0805_2012Metric_Pad1.15x1.40mm_HandSolder (layer F.Cu) (tedit 5B36C52B) (tstamp 5B97B589)
    (at 138.43 39.37 90)
    (descr "Resistor SMD 0805 (2012 Metric), square (rectangular) end terminal, IPC_7351 nominal with elongated pad for handsoldering. (Body size source: https://docs.google.com/spreadsheets/d/1BsfQQcO9C6DZCsRaXUlFlo91Tg2WpOkGARC1WS5S8t0/edit?usp=sharing), generated with kicad-footprint-generator")
    (tags "resistor handsolder")
    (path /5B6B56DB)
    (attr smd)
    (fp_text reference R3 (at 0 -1.65 90) (layer F.SilkS)
      (effects (font (size 1 1) (thickness 0.15)))
    )
    (fp_text value R (at 0 1.65 90) (layer F.Fab)
      (effects (font (size 1 1) (thickness 0.15)))
    )
    (fp_line (start -1 0.6) (end -1 -0.6) (layer F.Fab) (width 0.1))
    (fp_line (start -1 -0.6) (end 1 -0.6) (layer F.Fab) (width 0.1))
    (fp_line (start 1 -0.6) (end 1 0.6) (layer F.Fab) (width 0.1))
    (fp_line (start 1 0.6) (end -1 0.6) (layer F.Fab) (width 0.1))
    (fp_line (start -0.261252 -0.71) (end 0.261252 -0.71) (layer F.SilkS) (width 0.12))
    (fp_line (start -0.261252 0.71) (end 0.261252 0.71) (layer F.SilkS) (width 0.12))
    (fp_line (start -1.85 0.95) (end -1.85 -0.95) (layer F.CrtYd) (width 0.05))
    (fp_line (start -1.85 -0.95) (end 1.85 -0.95) (layer F.CrtYd) (width 0.05))
    (fp_line (start 1.85 -0.95) (end 1.85 0.95) (layer F.CrtYd) (width 0.05))
    (fp_line (start 1.85 0.95) (end -1.85 0.95) (layer F.CrtYd) (width 0.05))
    (fp_text user %R (at 0 0 90) (layer F.Fab)
      (effects (font (size 0.5 0.5) (thickness 0.08)))
    )
    (pad 1 smd roundrect (at -1.025 0 90) (size 1.15 1.4) (layers F.Cu F.Paste F.Mask) (roundrect_rratio 0.217391)
      (net 12 GND))
    (pad 2 smd roundrect (at 1.025 0 90) (size 1.15 1.4) (layers F.Cu F.Paste F.Mask) (roundrect_rratio 0.217391)
      (net 2 "Net-(D1-Pad1)"))
    (model ${KISYS3DMOD}/Resistor_SMD.3dshapes/R_0805_2012Metric.wrl
      (at (xyz 0 0 0))
      (scale (xyz 1 1 1))
      (rotate (xyz 0 0 0))
    )
  )

  (module Resistor_SMD:R_0805_2012Metric_Pad1.15x1.40mm_HandSolder (layer F.Cu) (tedit 5B36C52B) (tstamp 5B97B59A)
    (at 138.43 59.69 90)
    (descr "Resistor SMD 0805 (2012 Metric), square (rectangular) end terminal, IPC_7351 nominal with elongated pad for handsoldering. (Body size source: https://docs.google.com/spreadsheets/d/1BsfQQcO9C6DZCsRaXUlFlo91Tg2WpOkGARC1WS5S8t0/edit?usp=sharing), generated with kicad-footprint-generator")
    (tags "resistor handsolder")
    (path /5B6B575B)
    (attr smd)
    (fp_text reference R4 (at 0 -1.65 90) (layer F.SilkS)
      (effects (font (size 1 1) (thickness 0.15)))
    )
    (fp_text value R (at 0 1.65 90) (layer F.Fab)
      (effects (font (size 1 1) (thickness 0.15)))
    )
    (fp_text user %R (at 0 0 90) (layer F.Fab)
      (effects (font (size 0.5 0.5) (thickness 0.08)))
    )
    (fp_line (start 1.85 0.95) (end -1.85 0.95) (layer F.CrtYd) (width 0.05))
    (fp_line (start 1.85 -0.95) (end 1.85 0.95) (layer F.CrtYd) (width 0.05))
    (fp_line (start -1.85 -0.95) (end 1.85 -0.95) (layer F.CrtYd) (width 0.05))
    (fp_line (start -1.85 0.95) (end -1.85 -0.95) (layer F.CrtYd) (width 0.05))
    (fp_line (start -0.261252 0.71) (end 0.261252 0.71) (layer F.SilkS) (width 0.12))
    (fp_line (start -0.261252 -0.71) (end 0.261252 -0.71) (layer F.SilkS) (width 0.12))
    (fp_line (start 1 0.6) (end -1 0.6) (layer F.Fab) (width 0.1))
    (fp_line (start 1 -0.6) (end 1 0.6) (layer F.Fab) (width 0.1))
    (fp_line (start -1 -0.6) (end 1 -0.6) (layer F.Fab) (width 0.1))
    (fp_line (start -1 0.6) (end -1 -0.6) (layer F.Fab) (width 0.1))
    (pad 2 smd roundrect (at 1.025 0 90) (size 1.15 1.4) (layers F.Cu F.Paste F.Mask) (roundrect_rratio 0.217391)
      (net 3 "Net-(D2-Pad1)"))
    (pad 1 smd roundrect (at -1.025 0 90) (size 1.15 1.4) (layers F.Cu F.Paste F.Mask) (roundrect_rratio 0.217391)
      (net 12 GND))
    (model ${KISYS3DMOD}/Resistor_SMD.3dshapes/R_0805_2012Metric.wrl
      (at (xyz 0 0 0))
      (scale (xyz 1 1 1))
      (rotate (xyz 0 0 0))
    )
  )

  (module Resistor_SMD:R_0805_2012Metric_Pad1.15x1.40mm_HandSolder (layer F.Cu) (tedit 5B36C52B) (tstamp 5B97B5AB)
    (at 138.43 79.765 90)
    (descr "Resistor SMD 0805 (2012 Metric), square (rectangular) end terminal, IPC_7351 nominal with elongated pad for handsoldering. (Body size source: https://docs.google.com/spreadsheets/d/1BsfQQcO9C6DZCsRaXUlFlo91Tg2WpOkGARC1WS5S8t0/edit?usp=sharing), generated with kicad-footprint-generator")
    (tags "resistor handsolder")
    (path /5B6B5B52)
    (attr smd)
    (fp_text reference R5 (at 0 -1.65 90) (layer F.SilkS)
      (effects (font (size 1 1) (thickness 0.15)))
    )
    (fp_text value R (at 0 1.65 90) (layer F.Fab)
      (effects (font (size 1 1) (thickness 0.15)))
    )
    (fp_line (start -1 0.6) (end -1 -0.6) (layer F.Fab) (width 0.1))
    (fp_line (start -1 -0.6) (end 1 -0.6) (layer F.Fab) (width 0.1))
    (fp_line (start 1 -0.6) (end 1 0.6) (layer F.Fab) (width 0.1))
    (fp_line (start 1 0.6) (end -1 0.6) (layer F.Fab) (width 0.1))
    (fp_line (start -0.261252 -0.71) (end 0.261252 -0.71) (layer F.SilkS) (width 0.12))
    (fp_line (start -0.261252 0.71) (end 0.261252 0.71) (layer F.SilkS) (width 0.12))
    (fp_line (start -1.85 0.95) (end -1.85 -0.95) (layer F.CrtYd) (width 0.05))
    (fp_line (start -1.85 -0.95) (end 1.85 -0.95) (layer F.CrtYd) (width 0.05))
    (fp_line (start 1.85 -0.95) (end 1.85 0.95) (layer F.CrtYd) (width 0.05))
    (fp_line (start 1.85 0.95) (end -1.85 0.95) (layer F.CrtYd) (width 0.05))
    (fp_text user %R (at 0 0 90) (layer F.Fab)
      (effects (font (size 0.5 0.5) (thickness 0.08)))
    )
    (pad 1 smd roundrect (at -1.025 0 90) (size 1.15 1.4) (layers F.Cu F.Paste F.Mask) (roundrect_rratio 0.217391)
      (net 12 GND))
    (pad 2 smd roundrect (at 1.025 0 90) (size 1.15 1.4) (layers F.Cu F.Paste F.Mask) (roundrect_rratio 0.217391)
      (net 6 "Net-(D3-Pad1)"))
    (model ${KISYS3DMOD}/Resistor_SMD.3dshapes/R_0805_2012Metric.wrl
      (at (xyz 0 0 0))
      (scale (xyz 1 1 1))
      (rotate (xyz 0 0 0))
    )
  )

  (module Resistor_SMD:R_0805_2012Metric_Pad1.15x1.40mm_HandSolder (layer F.Cu) (tedit 5B36C52B) (tstamp 5B97B5BC)
    (at 138.43 97.79 270)
    (descr "Resistor SMD 0805 (2012 Metric), square (rectangular) end terminal, IPC_7351 nominal with elongated pad for handsoldering. (Body size source: https://docs.google.com/spreadsheets/d/1BsfQQcO9C6DZCsRaXUlFlo91Tg2WpOkGARC1WS5S8t0/edit?usp=sharing), generated with kicad-footprint-generator")
    (tags "resistor handsolder")
    (path /5B6B5F51)
    (attr smd)
    (fp_text reference R6 (at 0 -1.65 270) (layer F.SilkS)
      (effects (font (size 1 1) (thickness 0.15)))
    )
    (fp_text value R (at 0 1.65 270) (layer F.Fab)
      (effects (font (size 1 1) (thickness 0.15)))
    )
    (fp_text user %R (at 0 0 270) (layer F.Fab)
      (effects (font (size 0.5 0.5) (thickness 0.08)))
    )
    (fp_line (start 1.85 0.95) (end -1.85 0.95) (layer F.CrtYd) (width 0.05))
    (fp_line (start 1.85 -0.95) (end 1.85 0.95) (layer F.CrtYd) (width 0.05))
    (fp_line (start -1.85 -0.95) (end 1.85 -0.95) (layer F.CrtYd) (width 0.05))
    (fp_line (start -1.85 0.95) (end -1.85 -0.95) (layer F.CrtYd) (width 0.05))
    (fp_line (start -0.261252 0.71) (end 0.261252 0.71) (layer F.SilkS) (width 0.12))
    (fp_line (start -0.261252 -0.71) (end 0.261252 -0.71) (layer F.SilkS) (width 0.12))
    (fp_line (start 1 0.6) (end -1 0.6) (layer F.Fab) (width 0.1))
    (fp_line (start 1 -0.6) (end 1 0.6) (layer F.Fab) (width 0.1))
    (fp_line (start -1 -0.6) (end 1 -0.6) (layer F.Fab) (width 0.1))
    (fp_line (start -1 0.6) (end -1 -0.6) (layer F.Fab) (width 0.1))
    (pad 2 smd roundrect (at 1.025 0 270) (size 1.15 1.4) (layers F.Cu F.Paste F.Mask) (roundrect_rratio 0.217391)
      (net 7 "Net-(D4-Pad1)"))
    (pad 1 smd roundrect (at -1.025 0 270) (size 1.15 1.4) (layers F.Cu F.Paste F.Mask) (roundrect_rratio 0.217391)
      (net 12 GND))
    (model ${KISYS3DMOD}/Resistor_SMD.3dshapes/R_0805_2012Metric.wrl
      (at (xyz 0 0 0))
      (scale (xyz 1 1 1))
      (rotate (xyz 0 0 0))
    )
  )

  (module Button_Switch_Keyboard:SW_Cherry_MX1A_1.00u_PCB (layer F.Cu) (tedit 5A02FE24) (tstamp 5B97B5D6)
    (at 152.4 27.94)
    (descr "Cherry MX keyswitch, MX1A, 1.00u, PCB mount, http://cherryamericas.com/wp-content/uploads/2014/12/mx_cat.pdf")
    (tags "cherry mx keyswitch MX1A 1.00u PCB")
    (path /5B6B0541)
    (fp_text reference SW1 (at -2.54 -2.794) (layer F.SilkS)
      (effects (font (size 1 1) (thickness 0.15)))
    )
    (fp_text value SW_Push (at -2.54 12.954) (layer F.Fab)
      (effects (font (size 1 1) (thickness 0.15)))
    )
    (fp_text user %R (at -2.54 -2.794) (layer F.Fab)
      (effects (font (size 1 1) (thickness 0.15)))
    )
    (fp_line (start -8.89 -1.27) (end 3.81 -1.27) (layer F.Fab) (width 0.15))
    (fp_line (start 3.81 -1.27) (end 3.81 11.43) (layer F.Fab) (width 0.15))
    (fp_line (start 3.81 11.43) (end -8.89 11.43) (layer F.Fab) (width 0.15))
    (fp_line (start -8.89 11.43) (end -8.89 -1.27) (layer F.Fab) (width 0.15))
    (fp_line (start -9.14 11.68) (end -9.14 -1.52) (layer F.CrtYd) (width 0.05))
    (fp_line (start 4.06 11.68) (end -9.14 11.68) (layer F.CrtYd) (width 0.05))
    (fp_line (start 4.06 -1.52) (end 4.06 11.68) (layer F.CrtYd) (width 0.05))
    (fp_line (start -9.14 -1.52) (end 4.06 -1.52) (layer F.CrtYd) (width 0.05))
    (fp_line (start -12.065 -4.445) (end 6.985 -4.445) (layer Dwgs.User) (width 0.15))
    (fp_line (start 6.985 -4.445) (end 6.985 14.605) (layer Dwgs.User) (width 0.15))
    (fp_line (start 6.985 14.605) (end -12.065 14.605) (layer Dwgs.User) (width 0.15))
    (fp_line (start -12.065 14.605) (end -12.065 -4.445) (layer Dwgs.User) (width 0.15))
    (fp_line (start -9.525 -1.905) (end 4.445 -1.905) (layer F.SilkS) (width 0.12))
    (fp_line (start 4.445 -1.905) (end 4.445 12.065) (layer F.SilkS) (width 0.12))
    (fp_line (start 4.445 12.065) (end -9.525 12.065) (layer F.SilkS) (width 0.12))
    (fp_line (start -9.525 12.065) (end -9.525 -1.905) (layer F.SilkS) (width 0.12))
    (pad 1 thru_hole circle (at 0 0) (size 2.2 2.2) (drill 1.5) (layers *.Cu *.Mask)
      (net 12 GND))
    (pad 2 thru_hole circle (at -6.35 2.54) (size 2.2 2.2) (drill 1.5) (layers *.Cu *.Mask)
      (net 13 "Net-(SW1-Pad2)"))
    (pad "" np_thru_hole circle (at -2.54 5.08) (size 4 4) (drill 4) (layers *.Cu *.Mask))
    (pad "" np_thru_hole circle (at -7.62 5.08) (size 1.7 1.7) (drill 1.7) (layers *.Cu *.Mask))
    (pad "" np_thru_hole circle (at 2.54 5.08) (size 1.7 1.7) (drill 1.7) (layers *.Cu *.Mask))
    (model ${KISYS3DMOD}/Button_Switch_Keyboard.3dshapes/SW_Cherry_MX1A_1.00u_PCB.wrl
      (at (xyz 0 0 0))
      (scale (xyz 1 1 1))
      (rotate (xyz 0 0 0))
    )
  )

  (module Button_Switch_Keyboard:SW_Cherry_MX1A_1.00u_PCB (layer F.Cu) (tedit 5A02FE24) (tstamp 5B97B5F0)
    (at 152.4 48.26)
    (descr "Cherry MX keyswitch, MX1A, 1.00u, PCB mount, http://cherryamericas.com/wp-content/uploads/2014/12/mx_cat.pdf")
    (tags "cherry mx keyswitch MX1A 1.00u PCB")
    (path /5B6B0154)
    (fp_text reference SW2 (at -2.54 -2.794) (layer F.SilkS)
      (effects (font (size 1 1) (thickness 0.15)))
    )
    (fp_text value SW_Push (at -2.54 12.954) (layer F.Fab)
      (effects (font (size 1 1) (thickness 0.15)))
    )
    (fp_line (start -9.525 12.065) (end -9.525 -1.905) (layer F.SilkS) (width 0.12))
    (fp_line (start 4.445 12.065) (end -9.525 12.065) (layer F.SilkS) (width 0.12))
    (fp_line (start 4.445 -1.905) (end 4.445 12.065) (layer F.SilkS) (width 0.12))
    (fp_line (start -9.525 -1.905) (end 4.445 -1.905) (layer F.SilkS) (width 0.12))
    (fp_line (start -12.065 14.605) (end -12.065 -4.445) (layer Dwgs.User) (width 0.15))
    (fp_line (start 6.985 14.605) (end -12.065 14.605) (layer Dwgs.User) (width 0.15))
    (fp_line (start 6.985 -4.445) (end 6.985 14.605) (layer Dwgs.User) (width 0.15))
    (fp_line (start -12.065 -4.445) (end 6.985 -4.445) (layer Dwgs.User) (width 0.15))
    (fp_line (start -9.14 -1.52) (end 4.06 -1.52) (layer F.CrtYd) (width 0.05))
    (fp_line (start 4.06 -1.52) (end 4.06 11.68) (layer F.CrtYd) (width 0.05))
    (fp_line (start 4.06 11.68) (end -9.14 11.68) (layer F.CrtYd) (width 0.05))
    (fp_line (start -9.14 11.68) (end -9.14 -1.52) (layer F.CrtYd) (width 0.05))
    (fp_line (start -8.89 11.43) (end -8.89 -1.27) (layer F.Fab) (width 0.15))
    (fp_line (start 3.81 11.43) (end -8.89 11.43) (layer F.Fab) (width 0.15))
    (fp_line (start 3.81 -1.27) (end 3.81 11.43) (layer F.Fab) (width 0.15))
    (fp_line (start -8.89 -1.27) (end 3.81 -1.27) (layer F.Fab) (width 0.15))
    (fp_text user %R (at -2.54 -2.794) (layer F.Fab)
      (effects (font (size 1 1) (thickness 0.15)))
    )
    (pad "" np_thru_hole circle (at 2.54 5.08) (size 1.7 1.7) (drill 1.7) (layers *.Cu *.Mask))
    (pad "" np_thru_hole circle (at -7.62 5.08) (size 1.7 1.7) (drill 1.7) (layers *.Cu *.Mask))
    (pad "" np_thru_hole circle (at -2.54 5.08) (size 4 4) (drill 4) (layers *.Cu *.Mask))
    (pad 2 thru_hole circle (at -6.35 2.54) (size 2.2 2.2) (drill 1.5) (layers *.Cu *.Mask)
      (net 14 "Net-(SW2-Pad2)"))
    (pad 1 thru_hole circle (at 0 0) (size 2.2 2.2) (drill 1.5) (layers *.Cu *.Mask)
      (net 12 GND))
    (model ${KISYS3DMOD}/Button_Switch_Keyboard.3dshapes/SW_Cherry_MX1A_1.00u_PCB.wrl
      (at (xyz 0 0 0))
      (scale (xyz 1 1 1))
      (rotate (xyz 0 0 0))
    )
  )

  (module Button_Switch_Keyboard:SW_Cherry_MX1A_1.00u_PCB (layer F.Cu) (tedit 5A02FE24) (tstamp 5B97B60A)
    (at 152.4 68.58)
    (descr "Cherry MX keyswitch, MX1A, 1.00u, PCB mount, http://cherryamericas.com/wp-content/uploads/2014/12/mx_cat.pdf")
    (tags "cherry mx keyswitch MX1A 1.00u PCB")
    (path /5B6B0185)
    (fp_text reference SW3 (at -2.54 -2.794) (layer F.SilkS)
      (effects (font (size 1 1) (thickness 0.15)))
    )
    (fp_text value SW_Push (at -2.54 12.954) (layer F.Fab)
      (effects (font (size 1 1) (thickness 0.15)))
    )
    (fp_text user %R (at -2.54 -2.794) (layer F.Fab)
      (effects (font (size 1 1) (thickness 0.15)))
    )
    (fp_line (start -8.89 -1.27) (end 3.81 -1.27) (layer F.Fab) (width 0.15))
    (fp_line (start 3.81 -1.27) (end 3.81 11.43) (layer F.Fab) (width 0.15))
    (fp_line (start 3.81 11.43) (end -8.89 11.43) (layer F.Fab) (width 0.15))
    (fp_line (start -8.89 11.43) (end -8.89 -1.27) (layer F.Fab) (width 0.15))
    (fp_line (start -9.14 11.68) (end -9.14 -1.52) (layer F.CrtYd) (width 0.05))
    (fp_line (start 4.06 11.68) (end -9.14 11.68) (layer F.CrtYd) (width 0.05))
    (fp_line (start 4.06 -1.52) (end 4.06 11.68) (layer F.CrtYd) (width 0.05))
    (fp_line (start -9.14 -1.52) (end 4.06 -1.52) (layer F.CrtYd) (width 0.05))
    (fp_line (start -12.065 -4.445) (end 6.985 -4.445) (layer Dwgs.User) (width 0.15))
    (fp_line (start 6.985 -4.445) (end 6.985 14.605) (layer Dwgs.User) (width 0.15))
    (fp_line (start 6.985 14.605) (end -12.065 14.605) (layer Dwgs.User) (width 0.15))
    (fp_line (start -12.065 14.605) (end -12.065 -4.445) (layer Dwgs.User) (width 0.15))
    (fp_line (start -9.525 -1.905) (end 4.445 -1.905) (layer F.SilkS) (width 0.12))
    (fp_line (start 4.445 -1.905) (end 4.445 12.065) (layer F.SilkS) (width 0.12))
    (fp_line (start 4.445 12.065) (end -9.525 12.065) (layer F.SilkS) (width 0.12))
    (fp_line (start -9.525 12.065) (end -9.525 -1.905) (layer F.SilkS) (width 0.12))
    (pad 1 thru_hole circle (at 0 0) (size 2.2 2.2) (drill 1.5) (layers *.Cu *.Mask)
      (net 12 GND))
    (pad 2 thru_hole circle (at -6.35 2.54) (size 2.2 2.2) (drill 1.5) (layers *.Cu *.Mask)
      (net 10 "Net-(R1-Pad2)"))
    (pad "" np_thru_hole circle (at -2.54 5.08) (size 4 4) (drill 4) (layers *.Cu *.Mask))
    (pad "" np_thru_hole circle (at -7.62 5.08) (size 1.7 1.7) (drill 1.7) (layers *.Cu *.Mask))
    (pad "" np_thru_hole circle (at 2.54 5.08) (size 1.7 1.7) (drill 1.7) (layers *.Cu *.Mask))
    (model ${KISYS3DMOD}/Button_Switch_Keyboard.3dshapes/SW_Cherry_MX1A_1.00u_PCB.wrl
      (at (xyz 0 0 0))
      (scale (xyz 1 1 1))
      (rotate (xyz 0 0 0))
    )
  )

  (module Button_Switch_Keyboard:SW_Cherry_MX1A_1.00u_PCB (layer F.Cu) (tedit 5A02FE24) (tstamp 5B97B624)
    (at 152.4 88.9)
    (descr "Cherry MX keyswitch, MX1A, 1.00u, PCB mount, http://cherryamericas.com/wp-content/uploads/2014/12/mx_cat.pdf")
    (tags "cherry mx keyswitch MX1A 1.00u PCB")
    (path /5B6B01AE)
    (fp_text reference SW4 (at -2.54 -2.794) (layer F.SilkS)
      (effects (font (size 1 1) (thickness 0.15)))
    )
    (fp_text value SW_Push (at -2.54 12.954) (layer F.Fab)
      (effects (font (size 1 1) (thickness 0.15)))
    )
    (fp_line (start -9.525 12.065) (end -9.525 -1.905) (layer F.SilkS) (width 0.12))
    (fp_line (start 4.445 12.065) (end -9.525 12.065) (layer F.SilkS) (width 0.12))
    (fp_line (start 4.445 -1.905) (end 4.445 12.065) (layer F.SilkS) (width 0.12))
    (fp_line (start -9.525 -1.905) (end 4.445 -1.905) (layer F.SilkS) (width 0.12))
    (fp_line (start -12.065 14.605) (end -12.065 -4.445) (layer Dwgs.User) (width 0.15))
    (fp_line (start 6.985 14.605) (end -12.065 14.605) (layer Dwgs.User) (width 0.15))
    (fp_line (start 6.985 -4.445) (end 6.985 14.605) (layer Dwgs.User) (width 0.15))
    (fp_line (start -12.065 -4.445) (end 6.985 -4.445) (layer Dwgs.User) (width 0.15))
    (fp_line (start -9.14 -1.52) (end 4.06 -1.52) (layer F.CrtYd) (width 0.05))
    (fp_line (start 4.06 -1.52) (end 4.06 11.68) (layer F.CrtYd) (width 0.05))
    (fp_line (start 4.06 11.68) (end -9.14 11.68) (layer F.CrtYd) (width 0.05))
    (fp_line (start -9.14 11.68) (end -9.14 -1.52) (layer F.CrtYd) (width 0.05))
    (fp_line (start -8.89 11.43) (end -8.89 -1.27) (layer F.Fab) (width 0.15))
    (fp_line (start 3.81 11.43) (end -8.89 11.43) (layer F.Fab) (width 0.15))
    (fp_line (start 3.81 -1.27) (end 3.81 11.43) (layer F.Fab) (width 0.15))
    (fp_line (start -8.89 -1.27) (end 3.81 -1.27) (layer F.Fab) (width 0.15))
    (fp_text user %R (at -2.54 -2.794) (layer F.Fab)
      (effects (font (size 1 1) (thickness 0.15)))
    )
